美国 2020-04-01
[0.22085932, 0.21719564, 0.130817, 0.16141829, 0.16943991, 0.14061731, 0.115030125, 0.103598945, 0.09633593, 0.09108169, 0.08703766, 0.08381328, 0.08118364, 0.07900551, 0.07718088, 0.075639136, 0.07432744, 0.07320508]
美国 2020-05-15
[0.018471677, 0.018541133, 0.022694066, 0.018982774, 0.024437726, 0.030613584, 0.02056034, 0.017894723, 0.016906582, 0.016457783, 0.016225668, 0.016093109, 0.016010838, 0.015956007, 0.015917232, 0.015888466, 0.01586633, 0.01584882]
美国 2020-07-01
[0.03026358, 0.024532238, 0.025361149, 0.023886716, 0.028482486, 0.043095704, 0.031797774, 0.028298665, 0.026678352, 0.025752166, 0.025161449, 0.024759121, 0.024472343, 0.024260633, 0.024099726, 0.023974374, 0.023874579, 0.023793627]
美国 2020-08-15
[0.016253674, 0.017732875, 0.017141903, 0.015958525, 0.02147369, 0.018350689, 0.012669071, 0.011604798, 0.011301572, 0.011181052, 0.011120502, 0.011085508, 0.011063695, 0.011049555, 0.011040189, 0.011033897, 0.0110296365, 0.0110267345]
美国 2020-10-01
[0.010816683, 0.008351632, 0.009292258, 0.0103279045, 0.009442312, 0.017113864, 0.012191342, 0.011347042, 0.011114988, 0.011022264, 0.010975239, 0.010948253, 0.010931805, 0.010921483, 0.010914897, 0.010910645, 0.0109078875, 0.010906083]
美国 2020-11-15
[0.023512041, 0.025013195, 0.026427053, 0.029400222, 0.026321422, 0.0538371, 0.02925186, 0.025000077, 0.023463275, 0.022600675, 0.02200785, 0.021563148, 0.021215916, 0.020939337, 0.020716688, 0.020536352, 0.020389725, 0.020270191]
巴西 2020-04-01
[0.14886498, 0.14673334, 0.0929513, 0.078513995, 0.26465696, 0.20108011, 0.1723109, 0.16113637, 0.15417682, 0.14898346, 0.14481665, 0.14135735, 0.13842662, 0.13590756, 0.1337176, 0.13179597, 0.13009635, 0.12858286]
巴西 2020-05-15
[0.07934735, 0.079663485, 0.09526597, 0.12809885, 0.13242069, 0.15627903, 0.13250211, 0.12273058, 0.11659078, 0.112062655, 0.10847808, 0.10553209, 0.10305387, 0.10093545, 0.099103, 0.097503155, 0.09609586, 0.09484993]
巴西 2020-07-01
[0.08992593, 0.071013495, 0.062006537, 0.03960475, 0.07174812, 0.09683452, 0.081706494, 0.07630434, 0.07345955, 0.07165325, 0.070375614, 0.06940385, 0.06862385, 0.06797151, 0.06740841, 0.06691035, 0.066461496, 0.06605128]
巴西 2020-08-15
[0.04614265, 0.08920256, 0.098631024, 0.10960091, 0.08266302, 0.10772327, 0.08960337, 0.0820568, 0.0773859, 0.07399359, 0.07133733, 0.069170795, 0.06735875, 0.06581692, 0.064488314, 0.06333198, 0.062317476, 0.061421376]
巴西 2020-10-01
[0.059223216, 0.03310068, 0.04108185, 0.08158176, 0.08330155, 0.088033214, 0.07076349, 0.06469331, 0.061464544, 0.059356835, 0.057826012, 0.0566469, 0.0557055, 0.054935053, 0.05429246, 0.053748075, 0.053280633, 0.05287449]
巴西 2020-11-15
[0.13486071, 0.07114128, 0.095287144, 0.10835297, 0.070157856, 0.11667729, 0.098096825, 0.09067661, 0.086185925, 0.082980216, 0.0805041, 0.07850703, 0.07685317, 0.07545908, 0.07426882, 0.07324269, 0.072351016, 0.07157113]
俄罗斯 2020-04-01
[0.24530804, 0.23100469, 0.22295816, 0.20656852, 0.28450102, 0.25296676, 0.21068896, 0.19450201, 0.18459098, 0.17732929, 0.17160185, 0.16692893, 0.16304082, 0.15975991, 0.15695971, 0.15454663, 0.15244989, 0.15061484]
俄罗斯 2020-05-15
[0.06685749, 0.067290984, 0.060799338, 0.053821918, 0.05201909, 0.076061554, 0.057232063, 0.049477722, 0.045089252, 0.04224484, 0.040263426, 0.03882202, 0.037743114, 0.036919117, 0.03628022, 0.035778917, 0.0353817, 0.03506433]
俄罗斯 2020-07-01
[0.029637897, 0.030188542, 0.030265236, 0.029690875, 0.02939976, 0.05304914, 0.037635017, 0.032730926, 0.030630726, 0.029560458, 0.028947914, 0.028565805, 0.028310822, 0.028131222, 0.027999, 0.027897937, 0.027818238, 0.027753647]
俄罗斯 2020-08-15
[0.02859771, 0.02726751, 0.028441971, 0.028582923, 0.028763715, 0.04841314, 0.033348605, 0.0290041, 0.027334323, 0.026549378, 0.026120806, 0.025859509, 0.02568695, 0.02556614, 0.025477711, 0.025410663, 0.025358325, 0.025316466]
俄罗斯 2020-10-01
[0.04151277, 0.043115906, 0.043465596, 0.042813975, 0.0437241, 0.08901179, 0.069287874, 0.060936783, 0.056033712, 0.052735113, 0.050352804, 0.04855808, 0.047167987, 0.046069987, 0.04518988, 0.044476256, 0.043892156, 0.04341023]
俄罗斯 2020-11-15
[0.049476158, 0.046111763, 0.050125625, 0.05074228, 0.052089956, 0.07709127, 0.06192121, 0.057227124, 0.055165324, 0.054062203, 0.053390883, 0.05293815, 0.052605, 0.052341603, 0.052121155, 0.051928625, 0.05175518, 0.051595487]
日本 2020-04-01
[0.112872556, 0.1791877, 0.14116913, 0.066198185, 0.16799209, 0.17236923, 0.14164943, 0.12850818, 0.120236084, 0.11423225, 0.10958493, 0.105858825, 0.10280334, 0.10025768, 0.09811135, 0.09628481, 0.094718724, 0.09336772]
日本 2020-05-15
[0.007505017, 0.00526307, 0.012641429, 0.007452508, 0.015430171, 0.020304652, 0.012258735, 0.010571037, 0.010055481, 0.0098543875, 0.009764649, 0.009721647, 0.009700191, 0.009689222, 0.009683532, 0.0096805375, 0.009678951, 0.0096781105]
日本 2020-07-01
[0.1124358, 0.096147604, 0.115440615, 0.10398491, 0.124905184, 0.19204244, 0.16278762, 0.15114005, 0.14385346, 0.13844599, 0.13413912, 0.13058752, 0.12759614, 0.1250385, 0.12282619, 0.12089454, 0.119194694, 0.11768881]
日本 2020-08-15
[0.056365535, 0.046106897, 0.06474458, 0.07679312, 0.08920661, 0.10100082, 0.0764588, 0.06768657, 0.06355417, 0.061314482, 0.059976492, 0.059110176, 0.05850914, 0.0580676, 0.057728227, 0.05745817, 0.057237506, 0.05705345]
日本 2020-10-01
[0.098522544, 0.075068004, 0.04350037, 0.082141, 0.08904367, 0.11484137, 0.09271699, 0.08528975, 0.08162593, 0.07944505, 0.07798964, 0.076933526, 0.076116174, 0.0754521, 0.074893065, 0.07441007, 0.07398464, 0.073604345]
日本 2020-11-15
[0.12061925, 0.15283895, 0.1404208, 0.13647583, 0.13082641, 0.1842252, 0.15235999, 0.13888898, 0.13039277, 0.124183424, 0.11934308, 0.11543958, 0.11222365, 0.109533556, 0.10725718, 0.10531309, 0.10364033, 0.10219197]
德国 2020-04-01
[0.1887448, 0.178004, 0.09974232, 0.11069566, 0.1065507, 0.13148144, 0.10845281, 0.09912552, 0.093460985, 0.089462735, 0.08643399, 0.08404342, 0.082103714, 0.08049769, 0.07914703, 0.077996805, 0.07700687, 0.076147065]
德国 2020-05-15
[0.037376907, 0.020532528, 0.056522183, 0.050691776, 0.06244678, 0.08252354, 0.05975063, 0.052248552, 0.049051434, 0.047443304, 0.04652136, 0.045933694, 0.04552753, 0.045230065, 0.045003317, 0.04482553, 0.04468323, 0.04456746]
德国 2020-07-01
[0.07484658, 0.10661357, 0.03789761, 0.03814375, 0.07100704, 0.09635674, 0.07211472, 0.063170046, 0.058662992, 0.056048393, 0.05440204, 0.05330455, 0.05253945, 0.051985864, 0.051572576, 0.051255684, 0.051007096, 0.050808255]
德国 2020-08-15
[0.0441032, 0.09935937, 0.12614237, 0.1403799, 0.13090345, 0.1391105, 0.11438952, 0.1048591, 0.09938046, 0.095710754, 0.0930508, 0.09101894, 0.089403674, 0.08807803, 0.08696212, 0.086003356, 0.08516618, 0.08442549]
德国 2020-10-01
[0.1163766, 0.06105456, 0.05022231, 0.09043938, 0.07935282, 0.14407596, 0.12046757, 0.11173, 0.10687804, 0.1036957, 0.101410024, 0.09966462, 0.09826901, 0.09711284, 0.09612852, 0.09527259, 0.09451591, 0.093838185]
德国 2020-11-15
[0.07127255, 0.08130785, 0.09449143, 0.0984109, 0.090319775, 0.11273411, 0.09222813, 0.08302313, 0.07691959, 0.07238011, 0.06885212, 0.0660431, 0.06376761, 0.061898343, 0.06034398, 0.059037652, 0.057929303, 0.056981]
法国 2020-04-01
[0.16902791, 0.1828303, 0.08920594, 0.14256023, 0.22837086, 0.15413272, 0.12959592, 0.11912834, 0.11247247, 0.10756271, 0.10369153, 0.10052752, 0.09788251, 0.09563667, 0.0937077, 0.092036106, 0.09057709, 0.089295976]
法国 2020-05-15
[0.0021747088, 0.003305693, 0.007205857, 0.004919058, 0.006044652, 0.008507907, 0.004863453, 0.0042660646, 0.0041235513, 0.004081542, 0.004067765, 0.004062971, 0.0040612426, 0.0040605986, 0.004060359, 0.0040602647, 0.004060228, 0.004060215]
法国 2020-07-01
[0.010757572, 0.0026811725, -0.0043120543, 0.0029469526, 0.0017303162, 0.008311419, 0.0047392473, 0.0041590417, 0.004022058, 0.0039822944, 0.0039694994, 0.003965145, 0.0039636064, 0.003963057, 0.0039628516, 0.0039627743, 0.0039627464, 0.003962737]
法国 2020-08-15
[0.03758947, 0.010526564, 0.01889237, 0.019745752, 0.02028908, 0.040364034, 0.027973264, 0.024178945, 0.02255872, 0.021727502, 0.021252396, 0.02096009, 0.02076985, 0.020640181, 0.02054819, 0.020480603, 0.020429384, 0.020389486]
法国 2020-10-01
[0.034021243, 0.024634043, 0.00922106, 0.017571332, 0.027818523, 0.04436085, 0.03169569, 0.028216183, 0.02676725, 0.025988884, 0.0255019, 0.025166268, 0.02491943, 0.024729444, 0.024578426, 0.0244555, 0.024353683, 0.024268227]
法国 2020-11-15
[0.013345852, 0.021931225, 0.019351535, 0.013955098, 0.018601803, 0.012159914, 0.009195097, 0.008819913, 0.00871847, 0.008670516, 0.00864055, 0.008619019, 0.008602354, 0.008588948, 0.008577964, 0.008568873, 0.008561325, 0.008555038]
英国 2020-04-01
[0.16174218, 0.12430768, 0.11323939, 0.15330549, 0.14212576, 0.118695095, 0.095486514, 0.08522355, 0.07887179, 0.07439477, 0.07102731, 0.06839535, 0.06628581, 0.06456489, 0.06314263, 0.061955426, 0.06095666, 0.06011093]
英国 2020-05-15
[0.013143451, 0.020052508, 0.018615136, 0.017845102, 0.013903929, 0.01706531, 0.010563604, 0.009210519, 0.008809935, 0.00866175, 0.008598638, 0.008568917, 0.008553805, 0.008545668, 0.00854108, 0.008538403, 0.008536801, 0.008535815]
英国 2020-07-01
[0.0026601139, 0.0026331593, 0.0016391145, 0.0025026437, 0.0016658189, 0.004018327, 0.002406636, 0.0022065677, 0.0021710766, 0.0021633285, 0.0021613797, 0.0021608286, 0.00216066, 0.0021606022, 0.0021605839, 0.0021605778, 0.0021605757, 0.0021605757]
英国 2020-08-15
[0.0030416257, 0.0042665717, 0.0037343623, 0.0041633854, 0.005288779, 0.006483458, 0.00394123, 0.0035789555, 0.0035051655, 0.0034864363, 0.003480886, 0.0034790272, 0.0034783462, 0.0034780784, 0.003477971, 0.0034779264, 0.0034779068, 0.0034778968]
英国 2020-10-01
[0.015945422, 0.014792604, 0.010358843, 0.018112378, 0.017710121, 0.049210954, 0.035213817, 0.030600883, 0.028298264, 0.026918326, 0.026018897, 0.025403509, 0.024967866, 0.024650916, 0.024414763, 0.024234986, 0.024095409, 0.023985058]
英国 2020-11-15
[0.01786259, 0.01975261, 0.028283168, 0.022469195, 0.021645296, 0.018142609, 0.013386285, 0.012600698, 0.012356521, 0.012236139, 0.0121622905, 0.012112487, 0.012077209, 0.012051412, 0.012032062, 0.012017259, 0.012005728, 0.01199663]
意大利 2020-04-01
[0.09541463, 0.090080775, 0.074574366, 0.054908022, 0.053753365, 0.07892602, 0.059954602, 0.0520797, 0.047581315, 0.04463762, 0.042567655, 0.041047893, 0.03989998, 0.03901532, 0.03832323, 0.037775286, 0.03733723, 0.036984067]
意大利 2020-05-15
[0.009487378, 0.00896172, 0.017058909, 0.010967515, 0.012690847, 0.02023525, 0.012239078, 0.010522679, 0.010003894, 0.009806052, 0.009719824, 0.009679459, 0.009659824, 0.00965008, 0.009645174, 0.009642683, 0.009641417, 0.009640757]
意大利 2020-07-01
[0.0139880255, 0.0099615995, 0.010376526, 0.0075838785, 0.0086427815, 0.020179128, 0.012143434, 0.010438577, 0.009919526, 0.009718503, 0.009629649, 0.009587658, 0.009567141, 0.009556934, 0.0095518, 0.0095492015, 0.009547885, 0.009547208]
意大利 2020-08-15
[0.019609904, 0.03094925, 0.03524825, 0.038010232, 0.040936243, 0.08362505, 0.06208096, 0.054141317, 0.050058264, 0.047614407, 0.046021216, 0.044924848, 0.044141274, 0.04356513, 0.04313185, 0.042799868, 0.04254143, 0.042337418]
意大利 2020-10-01
[0.039368544, 0.036530267, 0.030266352, 0.0328993, 0.03673122, 0.09553675, 0.07537953, 0.06727688, 0.062680505, 0.05968389, 0.057575256, 0.05601453, 0.054815926, 0.05386918, 0.053104788, 0.05247675, 0.051953338, 0.05151204]
意大利 2020-11-15
[0.06219899, 0.056798026, 0.06299631, 0.06557257, 0.057159018, 0.1304537, 0.057445303, 0.043915715, 0.039046243, 0.036582824, 0.035126176, 0.03417623, 0.03351721, 0.033041425, 0.032688547, 0.032421615, 0.032216497, 0.03205686]
韩国 2020-04-01
[0.01832793, 0.03130262, 0.023218995, 0.017738668, 0.029245306, 0.035357095, 0.022326076, 0.01911024, 0.018025812, 0.017566774, 0.017341519, 0.017220935, 0.01715314, 0.017113978, 0.01709098, 0.017077353, 0.017069206, 0.017064318]
韩国 2020-05-15
[0.034729626, 0.02645032, 0.025799183, 0.028776027, 0.027869783, 0.044275876, 0.0286705, 0.024519188, 0.023042439, 0.022393737, 0.022063756, 0.02187944, 0.021770619, 0.021704294, 0.021663118, 0.02163727, 0.02162093, 0.021610564]
韩国 2020-07-01
[0.044436067, 0.058838125, 0.039298855, 0.041119274, 0.050981194, 0.08983345, 0.06592674, 0.057921354, 0.054454107, 0.052693, 0.051678337, 0.051029082, 0.05057773, 0.05024421, 0.049986843, 0.04978203, 0.0496153, 0.049477138]
韩国 2020-08-15
[0.051296763, 0.08628678, 0.089913584, 0.15899666, 0.23552968, 0.26512197, 0.20563056, 0.1819606, 0.16778879, 0.15791735, 0.15051101, 0.14472559, 0.1400975, 0.13633636, 0.13324402, 0.1306775, 0.12853025, 0.12672102]
韩国 2020-10-01
[0.04871544, 0.025496004, 0.01936711, 0.06204859, 0.042584836, 0.07336349, 0.051554706, 0.044471607, 0.04147918, 0.039992325, 0.039157934, 0.038642786, 0.038301148, 0.038062807, 0.0378908, 0.037763823, 0.037668593, 0.03759646]
韩国 2020-11-15
[0.07274861, 0.06993059, 0.09317636, 0.09730225, 0.094169974, 0.15670773, 0.1277798, 0.11539895, 0.10769597, 0.102184825, 0.09797234, 0.09462824, 0.091906786, 0.08965286, 0.08776156, 0.086158626, 0.08478928, 0.08361193]
波兰 2020-04-01
[0.14023823, 0.1822907, 0.13887766, 0.10529703, 0.12692803, 0.14629331, 0.11760313, 0.10514571, 0.0974418, 0.09200222, 0.08790444, 0.08469717, 0.08212226, 0.080017194, 0.078273036, 0.07681303, 0.07558099, 0.07453459]
波兰 2020-05-15
[0.036604322, 0.034758788, 0.0613729, 0.028452022, 0.04139597, 0.055544514, 0.037725072, 0.032258287, 0.030058762, 0.029002497, 0.028424311, 0.02807566, 0.02785077, 0.027699126, 0.027593937, 0.027519664, 0.027466577, 0.027428325]
波兰 2020-07-01
[0.02116301, 0.025045544, 0.015696058, 0.020738242, 0.02025015, 0.04825779, 0.031935703, 0.027298847, 0.025559751, 0.024764638, 0.024344968, 0.024100814, 0.023949876, 0.023853153, 0.023789883, 0.023748009, 0.023720078, 0.023701392]
波兰 2020-08-15
[0.046629414, 0.040204093, 0.051179264, 0.05705284, 0.0567494, 0.10636523, 0.08189621, 0.071453914, 0.06529842, 0.061171234, 0.058206543, 0.05598334, 0.054266773, 0.052913617, 0.05183042, 0.050953235, 0.050236337, 0.049646147]
波兰 2020-10-01
[0.10400458, 0.08336793, 0.07702768, 0.074798815, 0.08398202, 0.15457343, 0.13106114, 0.1214643, 0.115438506, 0.11098294, 0.107442096, 0.104520254, 0.10205325, 0.09993766, 0.09810259, 0.096496746, 0.09508132, 0.09382602]
波兰 2020-11-15
[0.07583995, 0.072262846, 0.062806934, 0.06470808, 0.06699868, 0.1417887, 0.07117074, 0.056840837, 0.052948862, 0.051677495, 0.05119895, 0.05098803, 0.050874494, 0.050798632, 0.050738268, 0.050684646, 0.05063428, 0.050585657]
澳大利亚 2020-04-01
[0.1268714, 0.16929922, 0.10172977, 0.101251364, 0.048454747, 0.10509785, 0.081186734, 0.07234463, 0.067826524, 0.065160796, 0.06345276, 0.062293112, 0.06146872, 0.060859878, 0.06039557, 0.060031734, 0.05974001, 0.0595014]
澳大利亚 2020-05-15
[0.0128423665, 0.032172684, 0.015155741, 0.01470999, 0.050519172, 0.036821164, 0.023317073, 0.019930894, 0.018775346, 0.018281994, 0.018037818, 0.01790581, 0.017830776, 0.017786894, 0.017760789, 0.017745117, 0.017735643, 0.01772987]
澳大利亚 2020-07-01
[0.011260456, 0.15833493, 0.13246857, 0.10723085, 0.12413702, 0.1753767, 0.14889011, 0.1384806, 0.13206299, 0.12736328, 0.12365598, 0.120616525, 0.11806381, 0.11588301, 0.1139958, 0.11234588, 0.11089108, 0.10959921]
澳大利亚 2020-08-15
[0.025919577, 0.03387507, 0.018684713, 0.031472627, 0.023727085, 0.01623533, 0.009640461, 0.008313911, 0.007926508, 0.0077833193, 0.0077235647, 0.0076971296, 0.007685102, 0.0076795546, 0.0076769674, 0.007675762, 0.0076751956, 0.007674934]
澳大利亚 2020-10-01
[0.0050698384, 0.0008498156, 0.002366118, 0.004989148, 0.0039438647, 0.013399328, 0.007881269, 0.0068212375, 0.0065201484, 0.00641224, 0.0063688913, 0.0063505135, 0.0063425032, 0.0063389577, 0.006337378, 0.00633667, 0.0063363514, 0.006336207]
澳大利亚 2020-11-15
[0.0004485251, 0.0008966485, 0.00022401169, 0.001344973, 0.0064977948, 0.013297422, 0.007819137, 0.0067684976, 0.0064705396, 0.0063639744, 0.00632128, 0.0063032294, 0.0062953886, 0.0062919324, 0.0062903943, 0.006289705, 0.0062893955, 0.0062892586]
